0.023540
0.016479
0.010775
0.009078
0.008404
0.010024
0.008731
0.008545
0.008537
0.008570
0.009332
0.008475
0.008351
0.008411
0.008330
0.008346
0.008356
0.008375
0.008303
0.008350
0.008313
0.008815
0.008391
0.008340
0.008333
0.008413
0.008385
0.008347
0.008381
0.008389
0.008367
0.008317
0.008302
0.008528
0.008410
0.008325
0.008358
0.008376
0.008351
0.008592
0.008278
0.008378
0.008275
0.008760
0.008310
0.008612
0.008270
0.008433
0.008340
0.008365
0.008633
0.008357
0.008435
0.008351
0.008400
0.008381
0.008318
0.008415
0.008352
0.008312
0.008312
0.008470
0.008473
0.008309
0.008380
0.008385
0.008554
0.008623
0.008509
0.008650
0.008443
0.008529
0.008438
0.008377
0.008430
0.008347
0.008491
0.008400
0.008331
0.008521
0.008309
0.008413
0.008363
0.008623
0.008415
0.008311
0.008269
0.008381
0.008473
0.008489
0.008643
0.008275
0.008305
0.008406
0.008348
0.008277
0.008394
0.008274
0.008530
0.008417
0.008463
0.008360
0.008379
0.008377
0.008316
0.008371
0.008309
0.009143
0.009580
0.009554
0.009883
0.009841
0.010399
0.009978
0.009499
0.010430
0.009312
0.009428
0.009191
0.009486
0.009297
0.009037
0.008781
0.009026
0.009583
0.009161
0.009642
0.009368
0.009135
0.009311
0.009618
0.008777
0.009279
0.009059
0.009139
0.010249
0.009871
0.010424
0.009032
0.009930
0.009142
0.009772
0.008890
0.009720
0.009148
0.008948
0.009084
0.008572
0.009767
0.008696
0.009790
0.008996
0.010074
0.008841
0.009950
0.008701
0.009712
0.009367
0.010132
0.009506
0.009403
0.009720
0.009065
0.009780
0.009098
0.009413
0.009263
0.009395
0.009722
0.009251
0.009835
0.009107
0.009264
0.008954
0.009462
0.008851
0.009193
0.008606
0.009162
0.008794
0.009692
0.009042
0.009409
0.009823
0.009454
0.009414
0.009279
0.009595
0.009207
0.009539
0.009236
0.009504
0.008848
0.011986
0.012327
0.011702
0.009514
0.010768
0.012094
0.010581
0.010206
0.009507
0.009042
0.010017
0.010020
0.009314
0.009223
0.009957
0.010271
0.009335
0.009575
0.009348
0.009847
0.009428
0.009274
0.010116
0.009981
0.009302
0.009340
0.009956
0.009895
0.009449
0.009314
0.009598
0.010083
0.009327
0.009469
0.009789
0.009760
0.009280
0.009470
0.010544
0.009940
0.009644
0.010306
0.010763
0.011030
0.009401
0.010799
0.010034
0.011100
0.009436
0.010876
0.009536
0.011113
0.009382
0.010048
0.009287
0.010219
0.009580
0.010410
0.009785
0.010097
0.009598
0.010552
0.010151
0.009529
0.009195
0.010095
0.013276
0.010896
0.010208
0.009312
0.010359
0.009309
0.011064
0.009612
0.009992
0.009143
0.010531
0.009205
0.010063
0.009085
0.010382
0.009365
0.010094
0.009587
0.010234
0.009520
0.010195
0.009496
0.009492
0.009613
0.009254
0.009210
0.008586
0.009193
0.008584
0.008959
0.008592
0.008560
0.008269
0.008572
0.008428
0.008479
0.008487
0.008310
0.008272
0.008332
0.008277
0.008586
0.008678
0.009556
0.008736
0.008452
0.008414
0.008373
0.008554
0.008951
0.008654
0.008843
0.008800
0.008867
0.008826
0.008554
0.008965
0.008678
0.008830
0.008798
0.008796
0.008574
0.008515
0.008535
0.008439
0.008316
0.008693
0.008482
0.008684
0.008673
0.009582
0.009378
0.010407
0.009314
0.009060
0.009553
0.009410
0.009480
0.009144
0.009142
0.009061
0.008933
0.009631
0.009836
0.009275
0.008762
0.009106
0.009099
0.009301
0.008621
0.008574
0.008455
0.008636
0.008347
0.008308
0.008485
0.008483
0.008437
0.008307
0.009593
0.008646
0.009717
0.008858
0.009062
0.009098
0.009179
0.008963
0.008933
0.008703
0.009091
0.008849
0.009079
0.009148
0.009123
0.008971
0.009150
0.009039
0.008536
0.008585
0.008355
0.008570
0.008275
0.008338
0.008624
0.008606
0.008279
0.008495
0.009237
0.009303
0.008525
0.008287
0.008645
0.008403
0.009110
0.008376
0.008646
0.008313
0.008536
0.008523
0.008371
0.009445
0.009158
0.009160
0.008547
0.008558
0.008337
0.008600
0.008273
0.008323
0.008276
0.008543
0.008259
0.008312
0.008278
0.008703
0.008273
0.008827
0.009773
0.008831
0.008455
0.008385
0.008471
0.008414
0.008497
0.008496
0.008416
0.008415
0.008410
0.008506
0.008416
0.008512
0.008338
0.008278
0.008461
0.008269
0.008302
0.008283
0.008347
0.008274
0.008304
0.008911
0.008688
0.009019
0.008356
0.008808
0.008832
0.008605
0.008702
0.009038
0.009077
0.009052
0.008529
0.008458
0.008457
0.008964
0.008572
0.009102
0.009773
0.008600
0.008490
0.008637
0.008921
0.008806
0.009925
0.010345
0.009376
0.009377
0.009131
0.009285
0.008974
0.009016
0.009173
0.008874
0.009242
0.008790
0.009025
0.008586
0.008684
0.008387
0.008974
0.008609
0.008579
0.008459
0.008484
0.008412
0.008630
0.008335
0.008557
0.008334
0.008339
0.008887
0.008897
0.008377
0.008464
0.008394
0.008588
0.008571
0.008523
0.008344
0.008817
0.008424
0.008347
0.008452
0.008589
0.008307
0.008314
0.008269
0.008480
0.008275
0.008713
0.008302
0.008501
0.008307
0.008307
0.008473
0.008267
0.008309
0.008519
0.008544
0.008261
0.008689
0.009504
0.009184
0.008749
0.009199
0.008834
0.009007
0.008959
0.009006
0.009241
0.008990
0.008858
0.009526
0.008742
0.009953
0.008634
0.009423
0.008391
0.008952
0.008837
0.010022
0.009510
0.008564
0.009406
0.008438
0.009346
0.008354
0.009028
0.009166
0.009328
0.009133
0.009016
0.008826
0.009188
0.008726
0.009444
0.008509
0.009474
0.008303
0.009450
0.009537
0.009017
0.008944
0.008507
0.009446
0.008603
0.009684
0.008372
0.009315
0.008770
0.009416
0.008516
0.008970
0.008906
0.008929
0.008837
0.009428
0.009749
0.009502
0.009467
0.008671
0.009150
0.009077
0.009205
0.009233
0.009214
0.009051
0.009352
0.009580
0.009036
0.008372
0.010046
0.009071
0.009212
0.008863
0.009152
0.009156
0.009403
0.009568
0.008675
0.009607
0.008841
0.009081
0.008520
0.009582
0.008590
0.009161
0.008915
0.008954
0.008861
0.009683
0.009867
0.010242
0.010476
0.009108
0.009517
0.009003
0.009863
0.009180
0.009478
0.009001
0.009844
0.008889
0.009434
0.008902
0.009599
0.009355
0.008848
0.009111
0.010193
0.010505
0.008946
0.009184
0.008855
0.009375
0.008607
0.009100
0.008878
0.008726
0.008697
0.008272
0.008577
0.008396
0.008515
0.008948
0.008623
0.008521
0.008505
0.008338
0.008435
0.008691
0.008492
0.008488
0.008391
0.008312
0.008468
0.008383
0.008452
0.008513
0.008300
0.008275
0.008379
0.008262
0.008308
0.008296
0.008754
0.008350
0.008597
0.008375
0.008350
0.008488
0.008267
0.008329
0.008411
0.008385
0.008281
0.008529
0.008345
0.008837
0.008272
0.008308
0.008380
0.008451
0.008310
0.008398
0.008317
0.008274
0.008272
0.008549
0.008628
0.008443
0.008412
0.008308
0.008371
0.008553
0.008346
0.008386
0.008360
0.008552
0.008309
0.008384
0.008350
0.008544
0.008663
0.008320
0.008411
0.008674
0.008287
0.008330
0.008283
0.008303
0.008329
0.008376
0.008285
0.008656
0.008333
0.008308
0.008391
0.008421
0.008317
0.008427
0.008617
0.008335
0.008308
0.008682
0.008635
0.008439
0.008415
0.008339
0.008469
0.008386
0.008617
0.011193
0.008975
0.009335
0.008598
0.008802
0.008566
0.009315
0.010305
0.009360
0.008891
0.008434
0.008543
0.008375
0.008390
0.010895
0.008933
0.008890
0.008463
0.008509
0.008379
0.008525
0.008277
0.008557
0.008265
0.008341
0.008424
0.008579
0.008266
0.008480
0.008276
0.008314
0.008273
0.008546
0.008387
0.008363
0.008336
0.008552
0.008401
0.008265
0.008302
0.008444
0.008301
0.008271
0.008293
0.008441
0.008313
0.011308
0.009088
0.010843
0.014472
0.009196
0.009199
0.008826
0.008461
0.008666
0.008761
0.008483
0.008895
0.008856
0.008368
0.008464
0.008355
0.008600
0.008272
0.008599
0.008275
0.008556
0.008291
0.008744
0.008885
0.009119
0.008543
0.008765
0.009000
0.008964
0.008587
0.008402
0.008562
0.008434
0.008412
0.008363
0.008439
0.008262
0.008328
0.008277
0.008339
0.008435
0.008382
0.008275
0.008485
0.008274
0.008300
0.008270
0.008301
0.008306
0.008410
0.008276
0.008317
0.008592
0.008261
0.008315
0.008495
0.008311
0.008404
0.008397
0.008343
0.008632
0.008265
0.008305
0.008269
0.008580
0.008278
0.008316
0.008473
0.008331
0.008367
0.008606
0.009009
0.008407
0.008534
0.008313
0.008554
0.008268
0.008300
0.008339
0.008424
0.008270
0.008369
0.008424
0.008381
0.008267
0.008730
0.008341
0.008657
0.008302
0.008443
0.008274
0.008500
0.008339
0.008425
0.008308
0.008276
0.008341
0.008591
0.008376
0.008585
0.008334
0.008331
0.008341
0.008436
0.008299
0.008408
0.008360
0.008306
0.008430
0.008334
0.008875
0.008807
0.008342
0.008373
0.008314
0.008416
0.008268
0.008438
0.008348
0.008370
0.008430
0.008393
0.008644
0.008451
0.008368
0.008334
0.008477
0.008982
0.009190
0.008894
0.009363
0.008603
0.009307
0.